Min energy: -2.2928932188134525
Total checked: 184
Min configs: 8
[[ 0., 0., 0.],
 [ 1., 0., 0.],
 [ 1., 0., 1.],
 [ 0., 0., 1.],
 [ 0., 1., 1.],
 [ 1., 1., 1.],
 [ 1., 1., 0.]];

[[ 0., 0., 0.],
 [ 1., 0., 0.],
 [ 1., 0.,-1.],
 [ 0., 0.,-1.],
 [ 0., 1.,-1.],
 [ 1., 1.,-1.],
 [ 1., 1., 0.]];

[[ 0., 0., 0.],
 [ 0., 1., 0.],
 [ 0., 1., 1.],
 [ 0., 0., 1.],
 [ 1., 0., 1.],
 [ 1., 1., 1.],
 [ 1., 1., 0.]];

[[ 0., 0., 0.],
 [ 0., 1., 0.],
 [ 0., 1.,-1.],
 [ 0., 0.,-1.],
 [ 1., 0.,-1.],
 [ 1., 1.,-1.],
 [ 1., 1., 0.]];

[[ 0., 0., 0.],
 [ 0., 0., 1.],
 [ 1., 0., 1.],
 [ 1., 1., 1.],
 [ 0., 1., 1.],
 [ 0., 1., 0.],
 [ 1., 1., 0.]];

[[ 0., 0., 0.],
 [ 0., 0., 1.],
 [ 0., 1., 1.],
 [ 1., 1., 1.],
 [ 1., 0., 1.],
 [ 1., 0., 0.],
 [ 1., 1., 0.]];

[[ 0., 0., 0.],
 [ 0., 0.,-1.],
 [ 1., 0.,-1.],
 [ 1., 1.,-1.],
 [ 0., 1.,-1.],
 [ 0., 1., 0.],
 [ 1., 1., 0.]];

[[ 0., 0., 0.],
 [ 0., 0.,-1.],
 [ 0., 1.,-1.],
 [ 1., 1.,-1.],
 [ 1., 0.,-1.],
 [ 1., 0., 0.],
 [ 1., 1., 0.]];

Energy computation factored:
0.0 / sqrt(0.5) : 5
-1.0 / sqrt(1.0) : 3
0.0 / sqrt(1.5) : 6
1.0 / sqrt(2.0) : 1
Total interactions: 15