Min energy: -7.146293723731498
Total checked: 10817428
Min configs: 8
[[ 0., 0., 0.],
 [-1., 0., 0.],
 [-1., 0., 1.],
 [ 0., 0., 1.],
 [ 1., 0., 1.],
 [ 1., 1., 1.],
 [ 0., 1., 1.],
 [-1., 1., 1.],
 [-1., 1., 0.],
 [ 0., 1., 0.],
 [ 0., 2., 0.],
 [ 0., 2., 1.],
 [ 1., 2., 1.],
 [ 1., 2., 0.],
 [ 1., 1., 0.]];

[[ 0., 0., 0.],
 [-1., 0., 0.],
 [-1., 0., 1.],
 [-1., 1., 1.],
 [-1., 1., 0.],
 [ 0., 1., 0.],
 [ 0., 2., 0.],
 [ 0., 2., 1.],
 [ 0., 1., 1.],
 [ 0., 0., 1.],
 [ 1., 0., 1.],
 [ 1., 1., 1.],
 [ 1., 2., 1.],
 [ 1., 2., 0.],
 [ 1., 1., 0.]];

[[ 0., 0., 0.],
 [-1., 0., 0.],
 [-1., 0.,-1.],
 [ 0., 0.,-1.],
 [ 1., 0.,-1.],
 [ 1., 1.,-1.],
 [ 0., 1.,-1.],
 [-1., 1.,-1.],
 [-1., 1., 0.],
 [ 0., 1., 0.],
 [ 0., 2., 0.],
 [ 0., 2.,-1.],
 [ 1., 2.,-1.],
 [ 1., 2., 0.],
 [ 1., 1., 0.]];

[[ 0., 0., 0.],
 [-1., 0., 0.],
 [-1., 0.,-1.],
 [-1., 1.,-1.],
 [-1., 1., 0.],
 [ 0., 1., 0.],
 [ 0., 2., 0.],
 [ 0., 2.,-1.],
 [ 0., 1.,-1.],
 [ 0., 0.,-1.],
 [ 1., 0.,-1.],
 [ 1., 1.,-1.],
 [ 1., 2.,-1.],
 [ 1., 2., 0.],
 [ 1., 1., 0.]];

[[ 0., 0., 0.],
 [ 0.,-1., 0.],
 [ 0.,-1., 1.],
 [ 1.,-1., 1.],
 [ 1.,-1., 0.],
 [ 1., 0., 0.],
 [ 2., 0., 0.],
 [ 2., 0., 1.],
 [ 1., 0., 1.],
 [ 0., 0., 1.],
 [ 0., 1., 1.],
 [ 1., 1., 1.],
 [ 2., 1., 1.],
 [ 2., 1., 0.],
 [ 1., 1., 0.]];

[[ 0., 0., 0.],
 [ 0.,-1., 0.],
 [ 0.,-1., 1.],
 [ 0., 0., 1.],
 [ 0., 1., 1.],
 [ 1., 1., 1.],
 [ 1., 0., 1.],
 [ 1.,-1., 1.],
 [ 1.,-1., 0.],
 [ 1., 0., 0.],
 [ 2., 0., 0.],
 [ 2., 0., 1.],
 [ 2., 1., 1.],
 [ 2., 1., 0.],
 [ 1., 1., 0.]];

[[ 0., 0., 0.],
 [ 0.,-1., 0.],
 [ 0.,-1.,-1.],
 [ 1.,-1.,-1.],
 [ 1.,-1., 0.],
 [ 1., 0., 0.],
 [ 2., 0., 0.],
 [ 2., 0.,-1.],
 [ 1., 0.,-1.],
 [ 0., 0.,-1.],
 [ 0., 1.,-1.],
 [ 1., 1.,-1.],
 [ 2., 1.,-1.],
 [ 2., 1., 0.],
 [ 1., 1., 0.]];

[[ 0., 0., 0.],
 [ 0.,-1., 0.],
 [ 0.,-1.,-1.],
 [ 0., 0.,-1.],
 [ 0., 1.,-1.],
 [ 1., 1.,-1.],
 [ 1., 0.,-1.],
 [ 1.,-1.,-1.],
 [ 1.,-1., 0.],
 [ 1., 0., 0.],
 [ 2., 0., 0.],
 [ 2., 0.,-1.],
 [ 2., 1.,-1.],
 [ 2., 1., 0.],
 [ 1., 1., 0.]];

Energy computation factored:
0.0 / sqrt(0.5) : 11
-1.0 / sqrt(1.0) : 9
-1.0 / sqrt(2.0) : 7
0.0 / sqrt(3.5) : 13
1.0 / sqrt(3.0) : 4
1.0 / sqrt(2.0) : 2
0.0 / sqrt(1.5) : 16
0.0 / sqrt(2.5) : 8
0.0 / sqrt(4.5) : 8
-1.0 / sqrt(6.0) : 1
0.0 / sqrt(6.5) : 4
1.0 / sqrt(5.0) : 3
-1.0 / sqrt(8.0) : 1
1.0 / sqrt(1.0) : 2
0.0 / sqrt(5.5) : 1
1.0 / sqrt(4.0) : 1
Total interactions: 91