Min energy: -4.326273413633061
Total checked: 8040
Min configs: 16
[[ 0., 0., 0.],
 [ 0., 1., 0.],
 [ 0., 1., 1.],
 [ 0., 2., 1.],
 [ 0., 2., 0.],
 [ 1., 2., 0.],
 [ 1., 2., 1.],
 [ 1., 1., 1.],
 [ 1., 1., 0.],
 [ 1., 0., 0.]];

[[ 0., 0., 0.],
 [ 0., 1., 0.],
 [ 0., 1., 1.],
 [ 0., 0., 1.],
 [ 0., 0., 2.],
 [ 1., 0., 2.],
 [ 1., 0., 1.],
 [ 1., 1., 1.],
 [ 1., 1., 0.],
 [ 1., 0., 0.]];

[[ 0., 0., 0.],
 [ 0., 1., 0.],
 [ 0., 1.,-1.],
 [ 0., 2.,-1.],
 [ 0., 2., 0.],
 [ 1., 2., 0.],
 [ 1., 2.,-1.],
 [ 1., 1.,-1.],
 [ 1., 1., 0.],
 [ 1., 0., 0.]];

[[ 0., 0., 0.],
 [ 0., 1., 0.],
 [ 0., 1.,-1.],
 [ 0., 0.,-1.],
 [ 0., 0.,-2.],
 [ 1., 0.,-2.],
 [ 1., 0.,-1.],
 [ 1., 1.,-1.],
 [ 1., 1., 0.],
 [ 1., 0., 0.]];

[[ 0., 0., 0.],
 [ 0.,-1., 0.],
 [ 0.,-1., 1.],
 [ 0., 0., 1.],
 [ 0., 0., 2.],
 [ 1., 0., 2.],
 [ 1., 0., 1.],
 [ 1.,-1., 1.],
 [ 1.,-1., 0.],
 [ 1., 0., 0.]];

[[ 0., 0., 0.],
 [ 0.,-1., 0.],
 [ 0.,-1., 1.],
 [ 0.,-2., 1.],
 [ 0.,-2., 0.],
 [ 1.,-2., 0.],
 [ 1.,-2., 1.],
 [ 1.,-1., 1.],
 [ 1.,-1., 0.],
 [ 1., 0., 0.]];

[[ 0., 0., 0.],
 [ 0.,-1., 0.],
 [ 0.,-1.,-1.],
 [ 0., 0.,-1.],
 [ 0., 0.,-2.],
 [ 1., 0.,-2.],
 [ 1., 0.,-1.],
 [ 1.,-1.,-1.],
 [ 1.,-1., 0.],
 [ 1., 0., 0.]];

[[ 0., 0., 0.],
 [ 0.,-1., 0.],
 [ 0.,-1.,-1.],
 [ 0.,-2.,-1.],
 [ 0.,-2., 0.],
 [ 1.,-2., 0.],
 [ 1.,-2.,-1.],
 [ 1.,-1.,-1.],
 [ 1.,-1., 0.],
 [ 1., 0., 0.]];

[[ 0., 0., 0.],
 [ 0., 0., 1.],
 [ 0., 1., 1.],
 [ 0., 1., 2.],
 [ 0., 0., 2.],
 [ 1., 0., 2.],
 [ 1., 1., 2.],
 [ 1., 1., 1.],
 [ 1., 0., 1.],
 [ 1., 0., 0.]];

[[ 0., 0., 0.],
 [ 0., 0., 1.],
 [ 0., 1., 1.],
 [ 0., 1., 0.],
 [ 0., 2., 0.],
 [ 1., 2., 0.],
 [ 1., 1., 0.],
 [ 1., 1., 1.],
 [ 1., 0., 1.],
 [ 1., 0., 0.]];

[[ 0., 0., 0.],
 [ 0., 0., 1.],
 [ 0.,-1., 1.],
 [ 0.,-1., 2.],
 [ 0., 0., 2.],
 [ 1., 0., 2.],
 [ 1.,-1., 2.],
 [ 1.,-1., 1.],
 [ 1., 0., 1.],
 [ 1., 0., 0.]];

[[ 0., 0., 0.],
 [ 0., 0., 1.],
 [ 0.,-1., 1.],
 [ 0.,-1., 0.],
 [ 0.,-2., 0.],
 [ 1.,-2., 0.],
 [ 1.,-1., 0.],
 [ 1.,-1., 1.],
 [ 1., 0., 1.],
 [ 1., 0., 0.]];

[[ 0., 0., 0.],
 [ 0., 0.,-1.],
 [ 0., 1.,-1.],
 [ 0., 1., 0.],
 [ 0., 2., 0.],
 [ 1., 2., 0.],
 [ 1., 1., 0.],
 [ 1., 1.,-1.],
 [ 1., 0.,-1.],
 [ 1., 0., 0.]];

[[ 0., 0., 0.],
 [ 0., 0.,-1.],
 [ 0., 1.,-1.],
 [ 0., 1.,-2.],
 [ 0., 0.,-2.],
 [ 1., 0.,-2.],
 [ 1., 1.,-2.],
 [ 1., 1.,-1.],
 [ 1., 0.,-1.],
 [ 1., 0., 0.]];

[[ 0., 0., 0.],
 [ 0., 0.,-1.],
 [ 0.,-1.,-1.],
 [ 0.,-1., 0.],
 [ 0.,-2., 0.],
 [ 1.,-2., 0.],
 [ 1.,-1., 0.],
 [ 1.,-1.,-1.],
 [ 1., 0.,-1.],
 [ 1., 0., 0.]];

[[ 0., 0., 0.],
 [ 0., 0.,-1.],
 [ 0.,-1.,-1.],
 [ 0.,-1.,-2.],
 [ 0., 0.,-2.],
 [ 1., 0.,-2.],
 [ 1.,-1.,-2.],
 [ 1.,-1.,-1.],
 [ 1., 0.,-1.],
 [ 1., 0., 0.]];

Energy computation factored:
0.0 / sqrt(0.5) : 8
1.0 / sqrt(2.0) : 4
0.0 / sqrt(2.5) : 4
0.0 / sqrt(3.5) : 2
-1.0 / sqrt(3.0) : 2
0.0 / sqrt(1.5) : 10
-1.0 / sqrt(1.0) : 6
Total interactions: 36