Min energy: -3.585786437626905
Total checked: 552
Min configs: 8
[[ 0., 0., 0.],
 [ 0., 1., 0.],
 [ 0., 1., 1.],
 [ 0., 0., 1.],
 [ 1., 0., 1.],
 [ 1., 1., 1.],
 [ 1., 1., 0.],
 [ 1., 0., 0.]];

[[ 0., 0., 0.],
 [ 0., 1., 0.],
 [ 0., 1.,-1.],
 [ 0., 0.,-1.],
 [ 1., 0.,-1.],
 [ 1., 1.,-1.],
 [ 1., 1., 0.],
 [ 1., 0., 0.]];

[[ 0., 0., 0.],
 [ 0.,-1., 0.],
 [ 0.,-1., 1.],
 [ 0., 0., 1.],
 [ 1., 0., 1.],
 [ 1.,-1., 1.],
 [ 1.,-1., 0.],
 [ 1., 0., 0.]];

[[ 0., 0., 0.],
 [ 0.,-1., 0.],
 [ 0.,-1.,-1.],
 [ 0., 0.,-1.],
 [ 1., 0.,-1.],
 [ 1.,-1.,-1.],
 [ 1.,-1., 0.],
 [ 1., 0., 0.]];

[[ 0., 0., 0.],
 [ 0., 0., 1.],
 [ 0., 1., 1.],
 [ 0., 1., 0.],
 [ 1., 1., 0.],
 [ 1., 1., 1.],
 [ 1., 0., 1.],
 [ 1., 0., 0.]];

[[ 0., 0., 0.],
 [ 0., 0., 1.],
 [ 0.,-1., 1.],
 [ 0.,-1., 0.],
 [ 1.,-1., 0.],
 [ 1.,-1., 1.],
 [ 1., 0., 1.],
 [ 1., 0., 0.]];

[[ 0., 0., 0.],
 [ 0., 0.,-1.],
 [ 0., 1.,-1.],
 [ 0., 1., 0.],
 [ 1., 1., 0.],
 [ 1., 1.,-1.],
 [ 1., 0.,-1.],
 [ 1., 0., 0.]];

[[ 0., 0., 0.],
 [ 0., 0.,-1.],
 [ 0.,-1.,-1.],
 [ 0.,-1., 0.],
 [ 1.,-1., 0.],
 [ 1.,-1.,-1.],
 [ 1., 0.,-1.],
 [ 1., 0., 0.]];

Energy computation factored:
0.0 / sqrt(0.5) : 6
-1.0 / sqrt(1.0) : 5
0.0 / sqrt(1.5) : 8
1.0 / sqrt(2.0) : 2
Total interactions: 21