Min energy: -5.869483164617584
Total checked: 635400
Min configs: 8
[[ 0., 0., 0.],
 [ 1., 0., 0.],
 [ 1.,-1., 0.],
 [ 1.,-1., 1.],
 [ 2.,-1., 1.],
 [ 2.,-1., 0.],
 [ 2., 0., 0.],
 [ 2., 0., 1.],
 [ 1., 0., 1.],
 [ 1., 1., 1.],
 [ 2., 1., 1.],
 [ 2., 1., 0.],
 [ 1., 1., 0.]];

[[ 0., 0., 0.],
 [ 1., 0., 0.],
 [ 1.,-1., 0.],
 [ 1.,-1.,-1.],
 [ 2.,-1.,-1.],
 [ 2.,-1., 0.],
 [ 2., 0., 0.],
 [ 2., 0.,-1.],
 [ 1., 0.,-1.],
 [ 1., 1.,-1.],
 [ 2., 1.,-1.],
 [ 2., 1., 0.],
 [ 1., 1., 0.]];

[[ 0., 0., 0.],
 [-1., 0., 0.],
 [-1., 0., 1.],
 [ 0., 0., 1.],
 [ 0., 1., 1.],
 [-1., 1., 1.],
 [-1., 1., 0.],
 [-1., 2., 0.],
 [-1., 2., 1.],
 [ 0., 2., 1.],
 [ 0., 2., 0.],
 [ 0., 1., 0.],
 [ 1., 1., 0.]];

[[ 0., 0., 0.],
 [-1., 0., 0.],
 [-1., 0.,-1.],
 [ 0., 0.,-1.],
 [ 0., 1.,-1.],
 [-1., 1.,-1.],
 [-1., 1., 0.],
 [-1., 2., 0.],
 [-1., 2.,-1.],
 [ 0., 2.,-1.],
 [ 0., 2., 0.],
 [ 0., 1., 0.],
 [ 1., 1., 0.]];

[[ 0., 0., 0.],
 [ 0., 1., 0.],
 [-1., 1., 0.],
 [-1., 1., 1.],
 [-1., 2., 1.],
 [-1., 2., 0.],
 [ 0., 2., 0.],
 [ 0., 2., 1.],
 [ 0., 1., 1.],
 [ 1., 1., 1.],
 [ 1., 2., 1.],
 [ 1., 2., 0.],
 [ 1., 1., 0.]];

[[ 0., 0., 0.],
 [ 0., 1., 0.],
 [-1., 1., 0.],
 [-1., 1.,-1.],
 [-1., 2.,-1.],
 [-1., 2., 0.],
 [ 0., 2., 0.],
 [ 0., 2.,-1.],
 [ 0., 1.,-1.],
 [ 1., 1.,-1.],
 [ 1., 2.,-1.],
 [ 1., 2., 0.],
 [ 1., 1., 0.]];

[[ 0., 0., 0.],
 [ 0.,-1., 0.],
 [ 0.,-1., 1.],
 [ 0., 0., 1.],
 [ 1., 0., 1.],
 [ 1.,-1., 1.],
 [ 1.,-1., 0.],
 [ 2.,-1., 0.],
 [ 2.,-1., 1.],
 [ 2., 0., 1.],
 [ 2., 0., 0.],
 [ 1., 0., 0.],
 [ 1., 1., 0.]];

[[ 0., 0., 0.],
 [ 0.,-1., 0.],
 [ 0.,-1.,-1.],
 [ 0., 0.,-1.],
 [ 1., 0.,-1.],
 [ 1.,-1.,-1.],
 [ 1.,-1., 0.],
 [ 2.,-1., 0.],
 [ 2.,-1.,-1.],
 [ 2., 0.,-1.],
 [ 2., 0., 0.],
 [ 1., 0., 0.],
 [ 1., 1., 0.]];

Energy computation factored:
0.0 / sqrt(0.5) : 11
0.0 / sqrt(1.5) : 18
1.0 / sqrt(3.0) : 3
0.0 / sqrt(3.5) : 6
0.0 / sqrt(2.5) : 7
-1.0 / sqrt(2.0) : 3
-1.0 / sqrt(1.0) : 7
1.0 / sqrt(2.0) : 2
0.0 / sqrt(4.5) : 5
-1.0 / sqrt(5.0) : 2
1.0 / sqrt(4.0) : 2
Total interactions: 66