Min energy: -3.4560299256299833
Total checked: 2544
Min configs: 8
[[ 0., 0., 0.],
 [ 1., 0., 0.],
 [ 1., 0., 1.],
 [ 2., 0., 1.],
 [ 2., 0., 0.],
 [ 2., 1., 0.],
 [ 2., 1., 1.],
 [ 1., 1., 1.],
 [ 1., 1., 0.]];

[[ 0., 0., 0.],
 [ 1., 0., 0.],
 [ 1., 0.,-1.],
 [ 2., 0.,-1.],
 [ 2., 0., 0.],
 [ 2., 1., 0.],
 [ 2., 1.,-1.],
 [ 1., 1.,-1.],
 [ 1., 1., 0.]];

[[ 0., 0., 0.],
 [ 0., 1., 0.],
 [ 0., 1., 1.],
 [ 0., 2., 1.],
 [ 0., 2., 0.],
 [ 1., 2., 0.],
 [ 1., 2., 1.],
 [ 1., 1., 1.],
 [ 1., 1., 0.]];

[[ 0., 0., 0.],
 [ 0., 1., 0.],
 [ 0., 1.,-1.],
 [ 0., 2.,-1.],
 [ 0., 2., 0.],
 [ 1., 2., 0.],
 [ 1., 2.,-1.],
 [ 1., 1.,-1.],
 [ 1., 1., 0.]];

[[ 0., 0., 0.],
 [ 0., 0., 1.],
 [-1., 0., 1.],
 [-1., 0., 0.],
 [-1., 1., 0.],
 [-1., 1., 1.],
 [ 0., 1., 1.],
 [ 0., 1., 0.],
 [ 1., 1., 0.]];

[[ 0., 0., 0.],
 [ 0., 0., 1.],
 [ 0.,-1., 1.],
 [ 0.,-1., 0.],
 [ 1.,-1., 0.],
 [ 1.,-1., 1.],
 [ 1., 0., 1.],
 [ 1., 0., 0.],
 [ 1., 1., 0.]];

[[ 0., 0., 0.],
 [ 0., 0.,-1.],
 [-1., 0.,-1.],
 [-1., 0., 0.],
 [-1., 1., 0.],
 [-1., 1.,-1.],
 [ 0., 1.,-1.],
 [ 0., 1., 0.],
 [ 1., 1., 0.]];

[[ 0., 0., 0.],
 [ 0., 0.,-1.],
 [ 0.,-1.,-1.],
 [ 0.,-1., 0.],
 [ 1.,-1., 0.],
 [ 1.,-1.,-1.],
 [ 1., 0.,-1.],
 [ 1., 0., 0.],
 [ 1., 1., 0.]];

Energy computation factored:
0.0 / sqrt(0.5) : 7
1.0 / sqrt(2.0) : 3
0.0 / sqrt(2.5) : 2
0.0 / sqrt(3.5) : 1
-1.0 / sqrt(3.0) : 1
0.0 / sqrt(1.5) : 9
-1.0 / sqrt(1.0) : 5
Total interactions: 28