Min energy: -5.806487042259883
Total checked: 127016
Min configs: 8
[[ 0., 0., 0.],
 [ 0., 1., 0.],
 [ 0., 1., 1.],
 [ 0., 0., 1.],
 [ 0., 0., 2.],
 [ 0., 1., 2.],
 [ 1., 1., 2.],
 [ 1., 0., 2.],
 [ 1., 0., 1.],
 [ 1., 1., 1.],
 [ 1., 1., 0.],
 [ 1., 0., 0.]];

[[ 0., 0., 0.],
 [ 0., 1., 0.],
 [ 0., 1.,-1.],
 [ 0., 0.,-1.],
 [ 0., 0.,-2.],
 [ 0., 1.,-2.],
 [ 1., 1.,-2.],
 [ 1., 0.,-2.],
 [ 1., 0.,-1.],
 [ 1., 1.,-1.],
 [ 1., 1., 0.],
 [ 1., 0., 0.]];

[[ 0., 0., 0.],
 [ 0.,-1., 0.],
 [ 0.,-1., 1.],
 [ 0., 0., 1.],
 [ 0., 0., 2.],
 [ 0.,-1., 2.],
 [ 1.,-1., 2.],
 [ 1., 0., 2.],
 [ 1., 0., 1.],
 [ 1.,-1., 1.],
 [ 1.,-1., 0.],
 [ 1., 0., 0.]];

[[ 0., 0., 0.],
 [ 0.,-1., 0.],
 [ 0.,-1.,-1.],
 [ 0., 0.,-1.],
 [ 0., 0.,-2.],
 [ 0.,-1.,-2.],
 [ 1.,-1.,-2.],
 [ 1., 0.,-2.],
 [ 1., 0.,-1.],
 [ 1.,-1.,-1.],
 [ 1.,-1., 0.],
 [ 1., 0., 0.]];

[[ 0., 0., 0.],
 [ 0., 0., 1.],
 [ 0., 1., 1.],
 [ 0., 1., 0.],
 [ 0., 2., 0.],
 [ 0., 2., 1.],
 [ 1., 2., 1.],
 [ 1., 2., 0.],
 [ 1., 1., 0.],
 [ 1., 1., 1.],
 [ 1., 0., 1.],
 [ 1., 0., 0.]];

[[ 0., 0., 0.],
 [ 0., 0., 1.],
 [ 0.,-1., 1.],
 [ 0.,-1., 0.],
 [ 0.,-2., 0.],
 [ 0.,-2., 1.],
 [ 1.,-2., 1.],
 [ 1.,-2., 0.],
 [ 1.,-1., 0.],
 [ 1.,-1., 1.],
 [ 1., 0., 1.],
 [ 1., 0., 0.]];

[[ 0., 0., 0.],
 [ 0., 0.,-1.],
 [ 0., 1.,-1.],
 [ 0., 1., 0.],
 [ 0., 2., 0.],
 [ 0., 2.,-1.],
 [ 1., 2.,-1.],
 [ 1., 2., 0.],
 [ 1., 1., 0.],
 [ 1., 1.,-1.],
 [ 1., 0.,-1.],
 [ 1., 0., 0.]];

[[ 0., 0., 0.],
 [ 0., 0.,-1.],
 [ 0.,-1.,-1.],
 [ 0.,-1., 0.],
 [ 0.,-2., 0.],
 [ 0.,-2.,-1.],
 [ 1.,-2.,-1.],
 [ 1.,-2., 0.],
 [ 1.,-1., 0.],
 [ 1.,-1.,-1.],
 [ 1., 0.,-1.],
 [ 1., 0., 0.]];

Energy computation factored:
0.0 / sqrt(0.5) : 10
-1.0 / sqrt(1.0) : 9
0.0 / sqrt(2.5) : 6
1.0 / sqrt(4.0) : 2
0.0 / sqrt(4.5) : 2
-1.0 / sqrt(5.0) : 2
0.0 / sqrt(3.5) : 4
1.0 / sqrt(2.0) : 6
0.0 / sqrt(1.5) : 12
-1.0 / sqrt(3.0) : 2
Total interactions: 55