Min energy: -6.948951265470212
Total checked: 2112320
Min configs: 8
[[ 0., 0., 0.],
 [ 0., 1., 0.],
 [ 0., 1., 1.],
 [ 0., 0., 1.],
 [ 0.,-1., 1.],
 [ 0.,-1., 2.],
 [ 0., 0., 2.],
 [ 1., 0., 2.],
 [ 1.,-1., 2.],
 [ 1.,-1., 1.],
 [ 1., 0., 1.],
 [ 1., 1., 1.],
 [ 1., 1., 0.],
 [ 1., 0., 0.]];

[[ 0., 0., 0.],
 [ 0., 1., 0.],
 [ 0., 1.,-1.],
 [ 0., 0.,-1.],
 [ 0.,-1.,-1.],
 [ 0.,-1.,-2.],
 [ 0., 0.,-2.],
 [ 1., 0.,-2.],
 [ 1.,-1.,-2.],
 [ 1.,-1.,-1.],
 [ 1., 0.,-1.],
 [ 1., 1.,-1.],
 [ 1., 1., 0.],
 [ 1., 0., 0.]];

[[ 0., 0., 0.],
 [ 0.,-1., 0.],
 [ 0.,-1., 1.],
 [ 0., 0., 1.],
 [ 0., 1., 1.],
 [ 0., 1., 2.],
 [ 0., 0., 2.],
 [ 1., 0., 2.],
 [ 1., 1., 2.],
 [ 1., 1., 1.],
 [ 1., 0., 1.],
 [ 1.,-1., 1.],
 [ 1.,-1., 0.],
 [ 1., 0., 0.]];

[[ 0., 0., 0.],
 [ 0.,-1., 0.],
 [ 0.,-1.,-1.],
 [ 0., 0.,-1.],
 [ 0., 1.,-1.],
 [ 0., 1.,-2.],
 [ 0., 0.,-2.],
 [ 1., 0.,-2.],
 [ 1., 1.,-2.],
 [ 1., 1.,-1.],
 [ 1., 0.,-1.],
 [ 1.,-1.,-1.],
 [ 1.,-1., 0.],
 [ 1., 0., 0.]];

[[ 0., 0., 0.],
 [ 0., 0., 1.],
 [ 0., 1., 1.],
 [ 0., 1., 0.],
 [ 0., 1.,-1.],
 [ 0., 2.,-1.],
 [ 0., 2., 0.],
 [ 1., 2., 0.],
 [ 1., 2.,-1.],
 [ 1., 1.,-1.],
 [ 1., 1., 0.],
 [ 1., 1., 1.],
 [ 1., 0., 1.],
 [ 1., 0., 0.]];

[[ 0., 0., 0.],
 [ 0., 0., 1.],
 [ 0.,-1., 1.],
 [ 0.,-1., 0.],
 [ 0.,-1.,-1.],
 [ 0.,-2.,-1.],
 [ 0.,-2., 0.],
 [ 1.,-2., 0.],
 [ 1.,-2.,-1.],
 [ 1.,-1.,-1.],
 [ 1.,-1., 0.],
 [ 1.,-1., 1.],
 [ 1., 0., 1.],
 [ 1., 0., 0.]];

[[ 0., 0., 0.],
 [ 0., 0.,-1.],
 [ 0., 1.,-1.],
 [ 0., 1., 0.],
 [ 0., 1., 1.],
 [ 0., 2., 1.],
 [ 0., 2., 0.],
 [ 1., 2., 0.],
 [ 1., 2., 1.],
 [ 1., 1., 1.],
 [ 1., 1., 0.],
 [ 1., 1.,-1.],
 [ 1., 0.,-1.],
 [ 1., 0., 0.]];

[[ 0., 0., 0.],
 [ 0., 0.,-1.],
 [ 0.,-1.,-1.],
 [ 0.,-1., 0.],
 [ 0.,-1., 1.],
 [ 0.,-2., 1.],
 [ 0.,-2., 0.],
 [ 1.,-2., 0.],
 [ 1.,-2., 1.],
 [ 1.,-1., 1.],
 [ 1.,-1., 0.],
 [ 1.,-1.,-1.],
 [ 1., 0.,-1.],
 [ 1., 0., 0.]];

Energy computation factored:
0.0 / sqrt(0.5) : 10
-1.0 / sqrt(1.0) : 10
-1.0 / sqrt(2.0) : 6
0.0 / sqrt(4.5) : 6
1.0 / sqrt(5.0) : 4
-1.0 / sqrt(6.0) : 4
0.0 / sqrt(5.5) : 4
1.0 / sqrt(3.0) : 4
1.0 / sqrt(2.0) : 4
0.0 / sqrt(1.5) : 14
0.0 / sqrt(2.5) : 4
0.0 / sqrt(3.5) : 6
1.0 / sqrt(1.0) : 2
Total interactions: 78