Min energy: -9.17890108538554
Total checked: 648529392
Min configs: 8
[[ 0., 0., 0.],
 [ 0., 1., 0.],
 [ 0., 2., 0.],
 [ 0., 2., 1.],
 [ 0., 1., 1.],
 [ 0., 0., 1.],
 [ 0., 0., 2.],
 [ 0., 1., 2.],
 [ 0., 2., 2.],
 [ 1., 2., 2.],
 [ 1., 1., 2.],
 [ 1., 0., 2.],
 [ 1., 0., 1.],
 [ 1., 1., 1.],
 [ 1., 2., 1.],
 [ 1., 2., 0.],
 [ 1., 1., 0.],
 [ 1., 0., 0.]];

[[ 0., 0., 0.],
 [ 0., 1., 0.],
 [ 0., 2., 0.],
 [ 0., 2.,-1.],
 [ 0., 1.,-1.],
 [ 0., 0.,-1.],
 [ 0., 0.,-2.],
 [ 0., 1.,-2.],
 [ 0., 2.,-2.],
 [ 1., 2.,-2.],
 [ 1., 1.,-2.],
 [ 1., 0.,-2.],
 [ 1., 0.,-1.],
 [ 1., 1.,-1.],
 [ 1., 2.,-1.],
 [ 1., 2., 0.],
 [ 1., 1., 0.],
 [ 1., 0., 0.]];

[[ 0., 0., 0.],
 [ 0.,-1., 0.],
 [ 0.,-2., 0.],
 [ 0.,-2., 1.],
 [ 0.,-1., 1.],
 [ 0., 0., 1.],
 [ 0., 0., 2.],
 [ 0.,-1., 2.],
 [ 0.,-2., 2.],
 [ 1.,-2., 2.],
 [ 1.,-1., 2.],
 [ 1., 0., 2.],
 [ 1., 0., 1.],
 [ 1.,-1., 1.],
 [ 1.,-2., 1.],
 [ 1.,-2., 0.],
 [ 1.,-1., 0.],
 [ 1., 0., 0.]];

[[ 0., 0., 0.],
 [ 0.,-1., 0.],
 [ 0.,-2., 0.],
 [ 0.,-2.,-1.],
 [ 0.,-1.,-1.],
 [ 0., 0.,-1.],
 [ 0., 0.,-2.],
 [ 0.,-1.,-2.],
 [ 0.,-2.,-2.],
 [ 1.,-2.,-2.],
 [ 1.,-1.,-2.],
 [ 1., 0.,-2.],
 [ 1., 0.,-1.],
 [ 1.,-1.,-1.],
 [ 1.,-2.,-1.],
 [ 1.,-2., 0.],
 [ 1.,-1., 0.],
 [ 1., 0., 0.]];

[[ 0., 0., 0.],
 [ 0., 0., 1.],
 [ 0., 0., 2.],
 [ 0., 1., 2.],
 [ 0., 1., 1.],
 [ 0., 1., 0.],
 [ 0., 2., 0.],
 [ 0., 2., 1.],
 [ 0., 2., 2.],
 [ 1., 2., 2.],
 [ 1., 2., 1.],
 [ 1., 2., 0.],
 [ 1., 1., 0.],
 [ 1., 1., 1.],
 [ 1., 1., 2.],
 [ 1., 0., 2.],
 [ 1., 0., 1.],
 [ 1., 0., 0.]];

[[ 0., 0., 0.],
 [ 0., 0., 1.],
 [ 0., 0., 2.],
 [ 0.,-1., 2.],
 [ 0.,-1., 1.],
 [ 0.,-1., 0.],
 [ 0.,-2., 0.],
 [ 0.,-2., 1.],
 [ 0.,-2., 2.],
 [ 1.,-2., 2.],
 [ 1.,-2., 1.],
 [ 1.,-2., 0.],
 [ 1.,-1., 0.],
 [ 1.,-1., 1.],
 [ 1.,-1., 2.],
 [ 1., 0., 2.],
 [ 1., 0., 1.],
 [ 1., 0., 0.]];

[[ 0., 0., 0.],
 [ 0., 0.,-1.],
 [ 0., 0.,-2.],
 [ 0., 1.,-2.],
 [ 0., 1.,-1.],
 [ 0., 1., 0.],
 [ 0., 2., 0.],
 [ 0., 2.,-1.],
 [ 0., 2.,-2.],
 [ 1., 2.,-2.],
 [ 1., 2.,-1.],
 [ 1., 2., 0.],
 [ 1., 1., 0.],
 [ 1., 1.,-1.],
 [ 1., 1.,-2.],
 [ 1., 0.,-2.],
 [ 1., 0.,-1.],
 [ 1., 0., 0.]];

[[ 0., 0., 0.],
 [ 0., 0.,-1.],
 [ 0., 0.,-2.],
 [ 0.,-1.,-2.],
 [ 0.,-1.,-1.],
 [ 0.,-1., 0.],
 [ 0.,-2., 0.],
 [ 0.,-2.,-1.],
 [ 0.,-2.,-2.],
 [ 1.,-2.,-2.],
 [ 1.,-2.,-1.],
 [ 1.,-2., 0.],
 [ 1.,-1., 0.],
 [ 1.,-1.,-1.],
 [ 1.,-1.,-2.],
 [ 1., 0.,-2.],
 [ 1., 0.,-1.],
 [ 1., 0., 0.]];

Energy computation factored:
1.0 / sqrt(1.0) : 6
0.0 / sqrt(2.5) : 16
-1.0 / sqrt(2.0) : 14
-1.0 / sqrt(1.0) : 16
1.0 / sqrt(4.0) : 4
1.0 / sqrt(5.0) : 6
0.0 / sqrt(6.5) : 2
-1.0 / sqrt(6.0) : 6
-1.0 / sqrt(5.0) : 4
0.0 / sqrt(3.5) : 14
1.0 / sqrt(2.0) : 8
1.0 / sqrt(3.0) : 8
0.0 / sqrt(0.5) : 10
0.0 / sqrt(4.5) : 8
0.0 / sqrt(5.5) : 4
0.0 / sqrt(1.5) : 10
Total interactions: 136