Min energy: -1.0
Total checked: 16
Min configs: 8
[[ 0., 0., 0.],
 [ 1., 0., 0.],
 [ 1., 0., 1.],
 [ 1., 1., 1.],
 [ 1., 1., 0.]];

[[ 0., 0., 0.],
 [ 1., 0., 0.],
 [ 1., 0.,-1.],
 [ 1., 1.,-1.],
 [ 1., 1., 0.]];

[[ 0., 0., 0.],
 [ 0., 1., 0.],
 [ 0., 1., 1.],
 [ 1., 1., 1.],
 [ 1., 1., 0.]];

[[ 0., 0., 0.],
 [ 0., 1., 0.],
 [ 0., 1.,-1.],
 [ 1., 1.,-1.],
 [ 1., 1., 0.]];

[[ 0., 0., 0.],
 [ 0., 0., 1.],
 [ 1., 0., 1.],
 [ 1., 0., 0.],
 [ 1., 1., 0.]];

[[ 0., 0., 0.],
 [ 0., 0., 1.],
 [ 0., 1., 1.],
 [ 0., 1., 0.],
 [ 1., 1., 0.]];

[[ 0., 0., 0.],
 [ 0., 0.,-1.],
 [ 1., 0.,-1.],
 [ 1., 0., 0.],
 [ 1., 1., 0.]];

[[ 0., 0., 0.],
 [ 0., 0.,-1.],
 [ 0., 1.,-1.],
 [ 0., 1., 0.],
 [ 1., 1., 0.]];

Energy computation factored:
0.0 / sqrt(0.5) : 3
0.0 / sqrt(1.5) : 2
-1.0 / sqrt(1.0) : 1
Total interactions: 6