Min energy: -9.6366643467564
Total checked: 3428140888
Min configs: 8
[[ 0., 0., 0.],
 [-1., 0., 0.],
 [-1., 0., 1.],
 [ 0., 0., 1.],
 [ 0., 0., 2.],
 [ 1., 0., 2.],
 [ 1., 0., 1.],
 [ 1., 1., 1.],
 [ 1., 1., 2.],
 [ 0., 1., 2.],
 [ 0., 1., 1.],
 [-1., 1., 1.],
 [-1., 1., 0.],
 [ 0., 1., 0.],
 [ 0., 2., 0.],
 [ 0., 2., 1.],
 [ 1., 2., 1.],
 [ 1., 2., 0.],
 [ 1., 1., 0.]];

[[ 0., 0., 0.],
 [-1., 0., 0.],
 [-1., 0., 1.],
 [-1., 1., 1.],
 [-1., 1., 0.],
 [ 0., 1., 0.],
 [ 0., 2., 0.],
 [ 0., 2., 1.],
 [ 0., 1., 1.],
 [ 0., 1., 2.],
 [ 0., 0., 2.],
 [ 0., 0., 1.],
 [ 1., 0., 1.],
 [ 1., 0., 2.],
 [ 1., 1., 2.],
 [ 1., 1., 1.],
 [ 1., 2., 1.],
 [ 1., 2., 0.],
 [ 1., 1., 0.]];

[[ 0., 0., 0.],
 [-1., 0., 0.],
 [-1., 0.,-1.],
 [ 0., 0.,-1.],
 [ 0., 0.,-2.],
 [ 1., 0.,-2.],
 [ 1., 0.,-1.],
 [ 1., 1.,-1.],
 [ 1., 1.,-2.],
 [ 0., 1.,-2.],
 [ 0., 1.,-1.],
 [-1., 1.,-1.],
 [-1., 1., 0.],
 [ 0., 1., 0.],
 [ 0., 2., 0.],
 [ 0., 2.,-1.],
 [ 1., 2.,-1.],
 [ 1., 2., 0.],
 [ 1., 1., 0.]];

[[ 0., 0., 0.],
 [-1., 0., 0.],
 [-1., 0.,-1.],
 [-1., 1.,-1.],
 [-1., 1., 0.],
 [ 0., 1., 0.],
 [ 0., 2., 0.],
 [ 0., 2.,-1.],
 [ 0., 1.,-1.],
 [ 0., 1.,-2.],
 [ 0., 0.,-2.],
 [ 0., 0.,-1.],
 [ 1., 0.,-1.],
 [ 1., 0.,-2.],
 [ 1., 1.,-2.],
 [ 1., 1.,-1.],
 [ 1., 2.,-1.],
 [ 1., 2., 0.],
 [ 1., 1., 0.]];

[[ 0., 0., 0.],
 [ 0.,-1., 0.],
 [ 0.,-1., 1.],
 [ 1.,-1., 1.],
 [ 1.,-1., 0.],
 [ 1., 0., 0.],
 [ 2., 0., 0.],
 [ 2., 0., 1.],
 [ 1., 0., 1.],
 [ 1., 0., 2.],
 [ 0., 0., 2.],
 [ 0., 0., 1.],
 [ 0., 1., 1.],
 [ 0., 1., 2.],
 [ 1., 1., 2.],
 [ 1., 1., 1.],
 [ 2., 1., 1.],
 [ 2., 1., 0.],
 [ 1., 1., 0.]];

[[ 0., 0., 0.],
 [ 0.,-1., 0.],
 [ 0.,-1., 1.],
 [ 0., 0., 1.],
 [ 0., 0., 2.],
 [ 0., 1., 2.],
 [ 0., 1., 1.],
 [ 1., 1., 1.],
 [ 1., 1., 2.],
 [ 1., 0., 2.],
 [ 1., 0., 1.],
 [ 1.,-1., 1.],
 [ 1.,-1., 0.],
 [ 1., 0., 0.],
 [ 2., 0., 0.],
 [ 2., 0., 1.],
 [ 2., 1., 1.],
 [ 2., 1., 0.],
 [ 1., 1., 0.]];

[[ 0., 0., 0.],
 [ 0.,-1., 0.],
 [ 0.,-1.,-1.],
 [ 1.,-1.,-1.],
 [ 1.,-1., 0.],
 [ 1., 0., 0.],
 [ 2., 0., 0.],
 [ 2., 0.,-1.],
 [ 1., 0.,-1.],
 [ 1., 0.,-2.],
 [ 0., 0.,-2.],
 [ 0., 0.,-1.],
 [ 0., 1.,-1.],
 [ 0., 1.,-2.],
 [ 1., 1.,-2.],
 [ 1., 1.,-1.],
 [ 2., 1.,-1.],
 [ 2., 1., 0.],
 [ 1., 1., 0.]];

[[ 0., 0., 0.],
 [ 0.,-1., 0.],
 [ 0.,-1.,-1.],
 [ 0., 0.,-1.],
 [ 0., 0.,-2.],
 [ 0., 1.,-2.],
 [ 0., 1.,-1.],
 [ 1., 1.,-1.],
 [ 1., 1.,-2.],
 [ 1., 0.,-2.],
 [ 1., 0.,-1.],
 [ 1.,-1.,-1.],
 [ 1.,-1., 0.],
 [ 1., 0., 0.],
 [ 2., 0., 0.],
 [ 2., 0.,-1.],
 [ 2., 1.,-1.],
 [ 2., 1., 0.],
 [ 1., 1., 0.]];

Energy computation factored:
0.0 / sqrt(0.5) : 17
-1.0 / sqrt(1.0) : 12
0.0 / sqrt(2.5) : 12
-1.0 / sqrt(5.0) : 4
0.0 / sqrt(4.5) : 16
0.0 / sqrt(3.5) : 17
0.0 / sqrt(5.5) : 7
1.0 / sqrt(6.0) : 4
1.0 / sqrt(2.0) : 8
0.0 / sqrt(1.5) : 24
-1.0 / sqrt(6.0) : 3
0.0 / sqrt(6.5) : 8
-1.0 / sqrt(3.0) : 4
1.0 / sqrt(5.0) : 6
-1.0 / sqrt(8.0) : 1
1.0 / sqrt(3.0) : 4
-1.0 / sqrt(2.0) : 6
Total interactions: 153