Min energy: -8.10289148046397
Total checked: 36484128
Min configs: 16
[[ 0., 0., 0.],
 [ 0., 1., 0.],
 [ 0., 2., 0.],
 [ 0., 2., 1.],
 [ 0., 1., 1.],
 [ 0., 0., 1.],
 [ 0., 0., 2.],
 [ 0., 1., 2.],
 [ 1., 1., 2.],
 [ 1., 0., 2.],
 [ 1., 0., 1.],
 [ 1., 1., 1.],
 [ 1., 2., 1.],
 [ 1., 2., 0.],
 [ 1., 1., 0.],
 [ 1., 0., 0.]];

[[ 0., 0., 0.],
 [ 0., 1., 0.],
 [ 0., 2., 0.],
 [ 0., 2.,-1.],
 [ 0., 1.,-1.],
 [ 0., 0.,-1.],
 [ 0., 0.,-2.],
 [ 0., 1.,-2.],
 [ 1., 1.,-2.],
 [ 1., 0.,-2.],
 [ 1., 0.,-1.],
 [ 1., 1.,-1.],
 [ 1., 2.,-1.],
 [ 1., 2., 0.],
 [ 1., 1., 0.],
 [ 1., 0., 0.]];

[[ 0., 0., 0.],
 [ 0., 1., 0.],
 [ 0., 1., 1.],
 [ 0., 0., 1.],
 [ 0.,-1., 1.],
 [ 0.,-1., 2.],
 [ 0., 0., 2.],
 [ 0., 1., 2.],
 [ 1., 1., 2.],
 [ 1., 0., 2.],
 [ 1.,-1., 2.],
 [ 1.,-1., 1.],
 [ 1., 0., 1.],
 [ 1., 1., 1.],
 [ 1., 1., 0.],
 [ 1., 0., 0.]];

[[ 0., 0., 0.],
 [ 0., 1., 0.],
 [ 0., 1.,-1.],
 [ 0., 0.,-1.],
 [ 0.,-1.,-1.],
 [ 0.,-1.,-2.],
 [ 0., 0.,-2.],
 [ 0., 1.,-2.],
 [ 1., 1.,-2.],
 [ 1., 0.,-2.],
 [ 1.,-1.,-2.],
 [ 1.,-1.,-1.],
 [ 1., 0.,-1.],
 [ 1., 1.,-1.],
 [ 1., 1., 0.],
 [ 1., 0., 0.]];

[[ 0., 0., 0.],
 [ 0.,-1., 0.],
 [ 0.,-2., 0.],
 [ 0.,-2., 1.],
 [ 0.,-1., 1.],
 [ 0., 0., 1.],
 [ 0., 0., 2.],
 [ 0.,-1., 2.],
 [ 1.,-1., 2.],
 [ 1., 0., 2.],
 [ 1., 0., 1.],
 [ 1.,-1., 1.],
 [ 1.,-2., 1.],
 [ 1.,-2., 0.],
 [ 1.,-1., 0.],
 [ 1., 0., 0.]];

[[ 0., 0., 0.],
 [ 0.,-1., 0.],
 [ 0.,-2., 0.],
 [ 0.,-2.,-1.],
 [ 0.,-1.,-1.],
 [ 0., 0.,-1.],
 [ 0., 0.,-2.],
 [ 0.,-1.,-2.],
 [ 1.,-1.,-2.],
 [ 1., 0.,-2.],
 [ 1., 0.,-1.],
 [ 1.,-1.,-1.],
 [ 1.,-2.,-1.],
 [ 1.,-2., 0.],
 [ 1.,-1., 0.],
 [ 1., 0., 0.]];

[[ 0., 0., 0.],
 [ 0.,-1., 0.],
 [ 0.,-1., 1.],
 [ 0., 0., 1.],
 [ 0., 1., 1.],
 [ 0., 1., 2.],
 [ 0., 0., 2.],
 [ 0.,-1., 2.],
 [ 1.,-1., 2.],
 [ 1., 0., 2.],
 [ 1., 1., 2.],
 [ 1., 1., 1.],
 [ 1., 0., 1.],
 [ 1.,-1., 1.],
 [ 1.,-1., 0.],
 [ 1., 0., 0.]];

[[ 0., 0., 0.],
 [ 0.,-1., 0.],
 [ 0.,-1.,-1.],
 [ 0., 0.,-1.],
 [ 0., 1.,-1.],
 [ 0., 1.,-2.],
 [ 0., 0.,-2.],
 [ 0.,-1.,-2.],
 [ 1.,-1.,-2.],
 [ 1., 0.,-2.],
 [ 1., 1.,-2.],
 [ 1., 1.,-1.],
 [ 1., 0.,-1.],
 [ 1.,-1.,-1.],
 [ 1.,-1., 0.],
 [ 1., 0., 0.]];

[[ 0., 0., 0.],
 [ 0., 0., 1.],
 [ 0., 1., 1.],
 [ 0., 1., 0.],
 [ 0., 1.,-1.],
 [ 0., 2.,-1.],
 [ 0., 2., 0.],
 [ 0., 2., 1.],
 [ 1., 2., 1.],
 [ 1., 2., 0.],
 [ 1., 2.,-1.],
 [ 1., 1.,-1.],
 [ 1., 1., 0.],
 [ 1., 1., 1.],
 [ 1., 0., 1.],
 [ 1., 0., 0.]];

[[ 0., 0., 0.],
 [ 0., 0., 1.],
 [ 0.,-1., 1.],
 [ 0.,-1., 0.],
 [ 0.,-1.,-1.],
 [ 0.,-2.,-1.],
 [ 0.,-2., 0.],
 [ 0.,-2., 1.],
 [ 1.,-2., 1.],
 [ 1.,-2., 0.],
 [ 1.,-2.,-1.],
 [ 1.,-1.,-1.],
 [ 1.,-1., 0.],
 [ 1.,-1., 1.],
 [ 1., 0., 1.],
 [ 1., 0., 0.]];

[[ 0., 0., 0.],
 [ 0., 0., 1.],
 [ 0., 0., 2.],
 [ 0., 1., 2.],
 [ 0., 1., 1.],
 [ 0., 1., 0.],
 [ 0., 2., 0.],
 [ 0., 2., 1.],
 [ 1., 2., 1.],
 [ 1., 2., 0.],
 [ 1., 1., 0.],
 [ 1., 1., 1.],
 [ 1., 1., 2.],
 [ 1., 0., 2.],
 [ 1., 0., 1.],
 [ 1., 0., 0.]];

[[ 0., 0., 0.],
 [ 0., 0., 1.],
 [ 0., 0., 2.],
 [ 0.,-1., 2.],
 [ 0.,-1., 1.],
 [ 0.,-1., 0.],
 [ 0.,-2., 0.],
 [ 0.,-2., 1.],
 [ 1.,-2., 1.],
 [ 1.,-2., 0.],
 [ 1.,-1., 0.],
 [ 1.,-1., 1.],
 [ 1.,-1., 2.],
 [ 1., 0., 2.],
 [ 1., 0., 1.],
 [ 1., 0., 0.]];

[[ 0., 0., 0.],
 [ 0., 0.,-1.],
 [ 0., 1.,-1.],
 [ 0., 1., 0.],
 [ 0., 1., 1.],
 [ 0., 2., 1.],
 [ 0., 2., 0.],
 [ 0., 2.,-1.],
 [ 1., 2.,-1.],
 [ 1., 2., 0.],
 [ 1., 2., 1.],
 [ 1., 1., 1.],
 [ 1., 1., 0.],
 [ 1., 1.,-1.],
 [ 1., 0.,-1.],
 [ 1., 0., 0.]];

[[ 0., 0., 0.],
 [ 0., 0.,-1.],
 [ 0.,-1.,-1.],
 [ 0.,-1., 0.],
 [ 0.,-1., 1.],
 [ 0.,-2., 1.],
 [ 0.,-2., 0.],
 [ 0.,-2.,-1.],
 [ 1.,-2.,-1.],
 [ 1.,-2., 0.],
 [ 1.,-2., 1.],
 [ 1.,-1., 1.],
 [ 1.,-1., 0.],
 [ 1.,-1.,-1.],
 [ 1., 0.,-1.],
 [ 1., 0., 0.]];

[[ 0., 0., 0.],
 [ 0., 0.,-1.],
 [ 0., 0.,-2.],
 [ 0., 1.,-2.],
 [ 0., 1.,-1.],
 [ 0., 1., 0.],
 [ 0., 2., 0.],
 [ 0., 2.,-1.],
 [ 1., 2.,-1.],
 [ 1., 2., 0.],
 [ 1., 1., 0.],
 [ 1., 1.,-1.],
 [ 1., 1.,-2.],
 [ 1., 0.,-2.],
 [ 1., 0.,-1.],
 [ 1., 0., 0.]];

[[ 0., 0., 0.],
 [ 0., 0.,-1.],
 [ 0., 0.,-2.],
 [ 0.,-1.,-2.],
 [ 0.,-1.,-1.],
 [ 0.,-1., 0.],
 [ 0.,-2., 0.],
 [ 0.,-2.,-1.],
 [ 1.,-2.,-1.],
 [ 1.,-2., 0.],
 [ 1.,-1., 0.],
 [ 1.,-1.,-1.],
 [ 1.,-1.,-2.],
 [ 1., 0.,-2.],
 [ 1., 0.,-1.],
 [ 1., 0., 0.]];

Energy computation factored:
1.0 / sqrt(1.0) : 4
0.0 / sqrt(2.5) : 8
-1.0 / sqrt(2.0) : 10
-1.0 / sqrt(1.0) : 13
1.0 / sqrt(4.0) : 2
0.0 / sqrt(4.5) : 8
-1.0 / sqrt(5.0) : 2
0.0 / sqrt(3.5) : 10
1.0 / sqrt(2.0) : 6
1.0 / sqrt(3.0) : 6
0.0 / sqrt(0.5) : 10
1.0 / sqrt(5.0) : 4
-1.0 / sqrt(6.0) : 4
0.0 / sqrt(5.5) : 4
0.0 / sqrt(1.5) : 14
Total interactions: 105