Min energy: -8.371011498295386
Total checked: 190191620
Min configs: 8
[[ 0., 0., 0.],
 [-1., 0., 0.],
 [-1., 1., 0.],
 [ 0., 1., 0.],
 [ 0., 1., 1.],
 [-1., 1., 1.],
 [-1., 0., 1.],
 [-1., 0., 2.],
 [-1., 1., 2.],
 [ 0., 1., 2.],
 [ 0., 0., 2.],
 [ 0., 0., 1.],
 [ 1., 0., 1.],
 [ 1., 0., 2.],
 [ 1., 1., 2.],
 [ 1., 1., 1.],
 [ 1., 1., 0.]];

[[ 0., 0., 0.],
 [-1., 0., 0.],
 [-1., 1., 0.],
 [ 0., 1., 0.],
 [ 0., 1.,-1.],
 [-1., 1.,-1.],
 [-1., 0.,-1.],
 [-1., 0.,-2.],
 [-1., 1.,-2.],
 [ 0., 1.,-2.],
 [ 0., 0.,-2.],
 [ 0., 0.,-1.],
 [ 1., 0.,-1.],
 [ 1., 0.,-2.],
 [ 1., 1.,-2.],
 [ 1., 1.,-1.],
 [ 1., 1., 0.]];

[[ 0., 0., 0.],
 [ 0.,-1., 0.],
 [ 1.,-1., 0.],
 [ 1., 0., 0.],
 [ 1., 0., 1.],
 [ 1.,-1., 1.],
 [ 0.,-1., 1.],
 [ 0.,-1., 2.],
 [ 1.,-1., 2.],
 [ 1., 0., 2.],
 [ 0., 0., 2.],
 [ 0., 0., 1.],
 [ 0., 1., 1.],
 [ 0., 1., 2.],
 [ 1., 1., 2.],
 [ 1., 1., 1.],
 [ 1., 1., 0.]];

[[ 0., 0., 0.],
 [ 0.,-1., 0.],
 [ 1.,-1., 0.],
 [ 1., 0., 0.],
 [ 1., 0.,-1.],
 [ 1.,-1.,-1.],
 [ 0.,-1.,-1.],
 [ 0.,-1.,-2.],
 [ 1.,-1.,-2.],
 [ 1., 0.,-2.],
 [ 0., 0.,-2.],
 [ 0., 0.,-1.],
 [ 0., 1.,-1.],
 [ 0., 1.,-2.],
 [ 1., 1.,-2.],
 [ 1., 1.,-1.],
 [ 1., 1., 0.]];

[[ 0., 0., 0.],
 [ 0., 0., 1.],
 [ 0., 0., 2.],
 [ 1., 0., 2.],
 [ 1., 0., 1.],
 [ 1., 1., 1.],
 [ 1., 1., 2.],
 [ 0., 1., 2.],
 [ 0., 2., 2.],
 [ 1., 2., 2.],
 [ 1., 2., 1.],
 [ 0., 2., 1.],
 [ 0., 1., 1.],
 [ 0., 1., 0.],
 [ 0., 2., 0.],
 [ 1., 2., 0.],
 [ 1., 1., 0.]];

[[ 0., 0., 0.],
 [ 0., 0., 1.],
 [ 0., 0., 2.],
 [ 0., 1., 2.],
 [ 0., 1., 1.],
 [ 1., 1., 1.],
 [ 1., 1., 2.],
 [ 1., 0., 2.],
 [ 2., 0., 2.],
 [ 2., 1., 2.],
 [ 2., 1., 1.],
 [ 2., 0., 1.],
 [ 1., 0., 1.],
 [ 1., 0., 0.],
 [ 2., 0., 0.],
 [ 2., 1., 0.],
 [ 1., 1., 0.]];

[[ 0., 0., 0.],
 [ 0., 0.,-1.],
 [ 0., 0.,-2.],
 [ 1., 0.,-2.],
 [ 1., 0.,-1.],
 [ 1., 1.,-1.],
 [ 1., 1.,-2.],
 [ 0., 1.,-2.],
 [ 0., 2.,-2.],
 [ 1., 2.,-2.],
 [ 1., 2.,-1.],
 [ 0., 2.,-1.],
 [ 0., 1.,-1.],
 [ 0., 1., 0.],
 [ 0., 2., 0.],
 [ 1., 2., 0.],
 [ 1., 1., 0.]];

[[ 0., 0., 0.],
 [ 0., 0.,-1.],
 [ 0., 0.,-2.],
 [ 0., 1.,-2.],
 [ 0., 1.,-1.],
 [ 1., 1.,-1.],
 [ 1., 1.,-2.],
 [ 1., 0.,-2.],
 [ 2., 0.,-2.],
 [ 2., 1.,-2.],
 [ 2., 1.,-1.],
 [ 2., 0.,-1.],
 [ 1., 0.,-1.],
 [ 1., 0., 0.],
 [ 2., 0., 0.],
 [ 2., 1., 0.],
 [ 1., 1., 0.]];

Energy computation factored:
0.0 / sqrt(0.5) : 14
-1.0 / sqrt(1.0) : 11
0.0 / sqrt(1.5) : 24
1.0 / sqrt(2.0) : 3
0.0 / sqrt(2.5) : 13
0.0 / sqrt(4.5) : 15
-1.0 / sqrt(5.0) : 4
-1.0 / sqrt(2.0) : 5
0.0 / sqrt(6.5) : 5
0.0 / sqrt(5.5) : 2
0.0 / sqrt(3.5) : 12
1.0 / sqrt(4.0) : 4
1.0 / sqrt(8.0) : 1
1.0 / sqrt(3.0) : 5
-1.0 / sqrt(6.0) : 1
1.0 / sqrt(1.0) : 1
Total interactions: 120