Min energy: -4.869863326310332
Total checked: 38976
Min configs: 8
[[ 0., 0., 0.],
 [-1., 0., 0.],
 [-1., 0., 1.],
 [-1., 1., 1.],
 [-1., 1., 0.],
 [ 0., 1., 0.],
 [ 0., 1., 1.],
 [ 0., 0., 1.],
 [ 1., 0., 1.],
 [ 1., 1., 1.],
 [ 1., 1., 0.]];

[[ 0., 0., 0.],
 [-1., 0., 0.],
 [-1., 0.,-1.],
 [-1., 1.,-1.],
 [-1., 1., 0.],
 [ 0., 1., 0.],
 [ 0., 1.,-1.],
 [ 0., 0.,-1.],
 [ 1., 0.,-1.],
 [ 1., 1.,-1.],
 [ 1., 1., 0.]];

[[ 0., 0., 0.],
 [ 0.,-1., 0.],
 [ 0.,-1., 1.],
 [ 1.,-1., 1.],
 [ 1.,-1., 0.],
 [ 1., 0., 0.],
 [ 1., 0., 1.],
 [ 0., 0., 1.],
 [ 0., 1., 1.],
 [ 1., 1., 1.],
 [ 1., 1., 0.]];

[[ 0., 0., 0.],
 [ 0.,-1., 0.],
 [ 0.,-1.,-1.],
 [ 1.,-1.,-1.],
 [ 1.,-1., 0.],
 [ 1., 0., 0.],
 [ 1., 0.,-1.],
 [ 0., 0.,-1.],
 [ 0., 1.,-1.],
 [ 1., 1.,-1.],
 [ 1., 1., 0.]];

[[ 0., 0., 0.],
 [ 0., 0., 1.],
 [ 1., 0., 1.],
 [ 1., 1., 1.],
 [ 0., 1., 1.],
 [ 0., 1., 0.],
 [ 0., 2., 0.],
 [ 0., 2., 1.],
 [ 1., 2., 1.],
 [ 1., 2., 0.],
 [ 1., 1., 0.]];

[[ 0., 0., 0.],
 [ 0., 0., 1.],
 [ 0., 1., 1.],
 [ 1., 1., 1.],
 [ 1., 0., 1.],
 [ 1., 0., 0.],
 [ 2., 0., 0.],
 [ 2., 0., 1.],
 [ 2., 1., 1.],
 [ 2., 1., 0.],
 [ 1., 1., 0.]];

[[ 0., 0., 0.],
 [ 0., 0.,-1.],
 [ 1., 0.,-1.],
 [ 1., 1.,-1.],
 [ 0., 1.,-1.],
 [ 0., 1., 0.],
 [ 0., 2., 0.],
 [ 0., 2.,-1.],
 [ 1., 2.,-1.],
 [ 1., 2., 0.],
 [ 1., 1., 0.]];

[[ 0., 0., 0.],
 [ 0., 0.,-1.],
 [ 0., 1.,-1.],
 [ 1., 1.,-1.],
 [ 1., 0.,-1.],
 [ 1., 0., 0.],
 [ 2., 0., 0.],
 [ 2., 0.,-1.],
 [ 2., 1.,-1.],
 [ 2., 1., 0.],
 [ 1., 1., 0.]];

Energy computation factored:
0.0 / sqrt(0.5) : 9
0.0 / sqrt(1.5) : 14
-1.0 / sqrt(1.0) : 6
-1.0 / sqrt(2.0) : 1
0.0 / sqrt(3.5) : 4
1.0 / sqrt(2.0) : 1
0.0 / sqrt(2.5) : 3
0.0 / sqrt(4.5) : 3
-1.0 / sqrt(5.0) : 1
1.0 / sqrt(4.0) : 2
1.0 / sqrt(3.0) : 1
Total interactions: 45